[Continents]
Southeast1=1
Southeast2=2
Southeast3=2
Northeast=4
NorthCent=3
SouthCent=3
West=4


[Territories]
1,0,0,Southeast1,2,3
2,0,0,Southeast2,42,4,5,3,1
3,0,0,Southeast2,1,2,5
4,0,0,Southeast2,2,43,6,8,5
5,0,0,Southeast2,3,2,4,8,10,11
6,0,0,Southeast3,4,44,13,7,8
7,0,0,Southeast3,8,6,19,9,10
8,0,0,Southeast3,5,4,6,7,10
9,0,0,Southeast3,10,7,20,21,12
10,0,0,Southeast3,5,8,7,9,12,11
11,0,0,Southeast3,5,10,12
12,0,0,Southeast3,11,10,9,21
13,0,0,Northeast,6,45,46,14,18,19
14,0,0,Northeast,13,52,15,17,18
15,0,0,Northeast,14,53,16,17
16,0,0,Northeast,15,55,28,17
17,0,0,Northeast,18,14,15,16,28,24
18,0,0,Northeast,19,13,14,17,24,23
19,0,0,Northeast,7,13,18,23,20
20,0,0,Northeast,9,19,23,22,21
21,0,0,Northeast,12,9,20,22
22,0,0,Northeast,21,20,23,25
23,0,0,Northeast,20,19,18,24,26,25,22
24,0,0,Northeast,18,17,28,27,26,23
25,0,0,Northeast,22,23,26
26,0,0,Northeast,23,24,27,25
27,0,0,Northeast,26,24,28,29
28,0,0,Northeast,17,16,30,29,27,24
29,0,0,Northeast,27,28,30,31
30,0,0,Northeast,28,32,31,29
31,0,0,Northeast,29,30,32
32,0,0,Northeast,30,33,31
33,0,0,Northeast,32
34,0,0,SouthCent,36,75,35
35,0,0,SouthCent,34,72,49,38,36
36,0,0,SouthCent,34,35,38,37
37,0,0,SouthCent,36,38,40,41
38,0,0,SouthCent,37,36,35,48,39,40
39,0,0,SouthCent,38,47,45,40
40,0,0,SouthCent,41,37,38,39,45,44
41,0,0,SouthCent,37,40,44,43
42,0,0,SouthCent,43,2
43,0,0,SouthCent,42,41,44,4
44,0,0,SouthCent,43,41,40,45,6
45,0,0,SouthCent,44,40,39,46,13
46,0,0,NorthCent,45,47,52,13
47,0,0,NorthCent,39,48,52,46
48,0,0,NorthCent,38,49,50,51,52,47
49,0,0,NorthCent,35,72,50,48
50,0,0,NorthCent,49,70,58,51,48
51,0,0,NorthCent,48,50,58,57,54,52
52,0,0,NorthCent,47,48,51,54,53,14,46
53,0,0,NorthCent,52,54,55,15
54,0,0,NorthCent,52,51,57,56,55,53
55,0,0,NorthCent,16,53,54,56
56,0,0,NorthCent,54,57,60,61,62,55
57,0,0,NorthCent,51,58,59,60,56,54
58,0,0,NorthCent,50,68,59,57,51
59,0,0,NorthCent,58,65,64,60,57
60,0,0,NorthCent,57,59,64,61,56
61,0,0,NorthCent,60,64,63,62,56
62,0,0,NorthCent,56,61,63
63,0,0,NorthCent,64,62,61
64,0,0,NorthCent,59,63,61,60
65,0,0,West,68,67,66,59
66,0,0,West,67,65
67,0,0,West,69,66,65,68
68,0,0,West,70,69,67,65,58
69,0,0,West,71,88,67,68,70
70,0,0,West,72,71,69,68,50
71,0,0,West,73,85,86,88,69,70,72
72,0,0,West,75,74,73,71,70,49,35
73,0,0,West,77,85,86,71,72,74
74,0,0,West,76,77,73,72,75
75,0,0,West,76,74,72,34
76,0,0,West,78,77,74,75
77,0,0,West,78,82,85,73,74,76
78,0,0,West,79,82,77,76
79,0,0,West,80,81,82,78
80,0,0,West,81,79
81,0,0,West,83,82,79,80
82,0,0,West,81,83,84,85,77,78,79
83,0,0,West,84,82,81
84,0,0,West,87,86,85,82,83
85,0,0,West,82,84,86,71,73,77
86,0,0,West,84,87,88,71,73,85
87,0,0,West,88,86,84
88,0,0,West,87,69,71,86

